Device_id,Model ID,Task ID,Stream ID,Op Name,OP Type,OP State,Task Type,Task Start Time(us),Task Duration(us),Task Wait Time(us),Block Num,Mix Block Num,HF32 Eligible,Input Shapes,Input Data Types,Input Formats,Output Shapes,Output Data Types,Output Formats,Context ID,aicore_time(us),aic_total_cycles,aic_mac_time(us),aic_mac_ratio,aic_scalar_time(us),aic_scalar_ratio,aic_mte1_time(us),aic_mte1_ratio,aic_mte2_time(us),aic_mte2_ratio,aic_fixpipe_time(us),aic_fixpipe_ratio,aic_icache_miss_rate,aiv_time(us),aiv_total_cycles,aiv_vec_time(us),aiv_vec_ratio,aiv_scalar_time(us),aiv_scalar_ratio,aiv_mte2_time(us),aiv_mte2_ratio,aiv_mte3_time(us),aiv_mte3_ratio,aiv_icache_miss_rate,cube_utilization(%)
0,4294967295,2,46,_ZN4bmms26BatchMatmulMaxSumAutoFusedIDhLb0ELb0ELb1ELb1ELj2ELj64ELj128ELj64ELb1EEEvPhS1_S1_S1_S1_mS1_S1_jN7AscendC6tiling11TCubeTilingENS_5ShapeEj,_ZN4bmms26BatchMatmulMaxSumAutoFusedIDhLb0ELb0ELb1ELb1ELj2ELj64ELj128ELj64ELb1EEEvPhS1_S1_S1_S1_mS1_S1_jN7AscendC6tiling11TCubeTilingENS_5ShapeEj,dynamic,MIX_AIC,1789496876764056.920	,452.940,0,20,40,NO,N/A,N/A,N/A,N/A,N/A,N/A,0,448.75,14808748,16.078,0.036,240.571,0.536,42.139,0.094,296.647,0.661,19.883,0.044,0.003,449.333,29656001,0.159,0.0,103.002,0.229,125.222,0.279,141.241,0.314,0.004,99.075
